327198026533305
327198026533305
190314699146683
327198026533305
327198026533305
327198026533305
327198026533305
190314699146683
327198026533305
474038226447735
204428174732473
327198026533305
327198026533305
190314699146683
327198026533305
399546515800121
327198026533305
327198026533305
190314699146683
327198026533305
327198026533305
327198026533305
190314699146683
327198026533305
77232776939339
273075936804222
327198026533305
190314699146683
327198026533305
190314699146683
327198026533305
560173586095754
77232776939339
190314699146683
327198026533305
327198026533305
327198026533305
190314699146683
327198026533305
412422179499636
474038226447735
399546515800121
474038226447735
190314699146683
354271522791507
474038226447735
190314699146683
327198026533305
327198026533305
412422179499636
190314699146683
327198026533305
305188255642941
204428174732473
327198026533305
327198026533305
204428174732473
394911468292626
327198026533305
327198026533305
332674070866191
327198026533305
346696734545470
327198026533305
204428174732473
400340456894812
87742334485829
327198026533305
327198026533305
327198026533305
327198026533305
135929594189899
327198026533305
73940565804099
327198026533305
327198026533305
327198026533305
354271522791507
76046612308356
11475948753652
327198026533305
327198026533305
327198026533305
354271522791507
190314699146683
204428174732473
474038226447735
327198026533305
81947802534330
81947802534330
190314699146683
327198026533305
327198026533305
327198026533305
426378898466545
77232776939339
204428174732473
327198026533305
135929594189899
190314699146683
327198026533305
548667150668292
327198026533305
241030876140968
325823319891720
354271522791507
325823319891720
327198026533305
87742334485829
327198026533305
278045946028674
273075936804222
87742334485829
327198026533305
327198026533305
512729679728575
327198026533305
86170564890649
394498741647470
327198026533305
399546515800121
327198026533305
373538198475562
354271522791507
394911468292626
207680843915250
325823319891720
369660912000622
327198026533305
308676428314282
386756014540041
190314699146683
204428174732473
327198026533305
327198026533305
327198026533305
155932921954917
250320773482678
327198026533305
327198026533305
190314699146683
327198026533305
190314699146683
524444829310443
327198026533305
354271522791507
327198026533305
295325084536350
327198026533305
204428174732473
204428174732473
426378898466545
87742334485829
327198026533305
76046612308356
523042056168920
29646056664484
327198026533305
480726112026982
327198026533305
327198026533305
87742334485829
278045946028674
327198026533305
198777055797435
327198026533305
204428174732473
426378898466545
327198026533305
77232776939339
354271522791507
327198026533305
327198026533305
405190705437665
327198026533305
190314699146683
434645758670199
327198026533305
325823319891720
327198026533305
327198026533305
527567223630640
73940565804099
76046612308356
190314699146683
190314699146683
327198026533305
179449022966991
327198026533305
327198026533305
190314699146683
73940565804099
190314699146683
327198026533305
190314699146683
66242966785288
480726112026982
354271522791507
51376333104095
210726706285018
346696734545470
405190705437665
295325084536350
190314699146683
81947802534330
135929594189899
386756014540041
190314699146683
325823319891720
327198026533305
325823319891720
327198026533305
325823319891720
528053674550343
560173586095754
327198026533305
141494191462114
354271522791507
204428174732473
327198026533305
272912286555089
327198026533305
11475948753652
190314699146683
190314699146683
37102174670697
190314699146683
289735380415599
190314699146683
327198026533305
273075936804222
369660912000622
190314699146683
399546515800121
288107057505855
421330611611263
190314699146683
85528569732925
122630744403623
327198026533305
76046612308356
272996688748420
527567223630640
327198026533305
327198026533305
327198026533305
77232776939339
524444829310443
386756014540041
327198026533305
327198026533305
501401132574511
327198026533305
399546515800121
190314699146683
190314699146683
190314699146683
327198026533305
204428174732473
327198026533305
327198026533305
530518571289121
8101634019483
295325084536350
190314699146683
327198026533305
480726112026982
327198026533305
327198026533305
278045946028674
190314699146683
327198026533305
399546515800121
190314699146683
190314699146683
325823319891720
204428174732473
327198026533305
272912286555089
417525266995084
327198026533305
327198026533305
327198026533305
327198026533305
159281495474086
327198026533305
398019871191415
474038226447735
295325084536350
455276272594594
399546515800121
204428174732473
327198026533305
354271522791507
400340456894812
501401132574511
33247641543468
325823319891720
16027803487575
11475948753652
204428174732473
204428174732473
354271522791507
189828271279739
86170564890649
87742334485829
346696734545470
204428174732473
159281495474086
325823319891720
119317547491810
190314699146683
327198026533305
474038226447735
141494191462114
51376333104095
327198026533305
204428174732473
190314699146683
327198026533305
480726112026982
327198026533305
426378898466545
426378898466545
190314699146683
327198026533305
399546515800121
327198026533305
325823319891720
190314699146683
327198026533305
434645758670199
325823319891720
327198026533305
325823319891720
325823319891720
327198026533305
560173586095754
327198026533305
48157891270887
474038226447735
87742334485829
405190705437665
204428174732473
474038226447735
480726112026982
190314699146683
33247641543468
86170564890649
155932921954917
204428174732473
325823319891720
327198026533305
399546515800121
381366925823994
85528569732925
327198026533305
327198026533305
325823319891720
325823319891720
399546515800121
190314699146683
54885747275370
145684674904677
344145623841152
220001044013414
204428174732473
188349393708428
214532826657216
207680843915250
327198026533305
242779763656
327198026533305
306300520549895
327198026533305
190314699146683
289735380415599
327198026533305
399546515800121
474038226447735
398019871191415
327198026533305
327198026533305
325823319891720
190314699146683
189828271279739
197968203658971
190314699146683
512729679728575
204428174732473
190314699146683
426378898466545
159281495474086
197968203658971
51376333104095
11475948753652
121524830136951
327198026533305
190314699146683
69573817523008
189828271279739
327198026533305
198489302398312
327198026533305
190314699146683
189828271279739
327198026533305
327198026533305
327198026533305
346696734545470
343116974422975
101901542636117
327198026533305
142964767944411
142964767944411
73940565804099
368753114416713
339633760184878
327198026533305
327198026533305
400340456894812
327198026533305
86170564890649
480726112026982
413536167768263
327198026533305
87097993408583
327198026533305
190314699146683
327198026533305
327198026533305
327198026533305
144883182216438
190314699146683
327198026533305
491317349591142
277766706570701
128352920917653
120222558238449
327198026533305
480726112026982
327198026533305
398019871191415
190314699146683
159281495474086
327198026533305
346696734545470
327198026533305
327198026533305
327198026533305
339346773564945
190314699146683
141494191462114
159281495474086
190314699146683
354271522791507
190314699146683
398019871191415
2664440825016
327198026533305
73940565804099
325823319891720
264216603798137
327198026533305
447626924387304
66242966785288
159281495474086
155932921954917
179449022966991
183853690946239
18767042357848
512729679728575
273075936804222
190314699146683
327198026533305
327198026533305
327846059701498
305756689159620
327198026533305
400340456894812
327198026533305
73940565804099
354271522791507
480726112026982
346696734545470
327198026533305
179449022966991
434645758670199
287065818282698
327198026533305
327198026533305
386756014540041
327198026533305
204428174732473
62612394056345
204428174732473
442786353271178
332674070866191
144883182216438
399546515800121
327198026533305
373538198475562
327198026533305
65481633694584
489120979016973
327198026533305
142964767944411
155932921954917
196914895972562
145684674904677
118733952900521
332674070866191
516682233442444
159281495474086
305756689159620
491317349591142
327198026533305
354271522791507
335846242081894
327198026533305
306300520549895
327198026533305
457693436118526
190314699146683
79957277348158
354271522791507
522087923840039
190314699146683
237176251823901
474038226447735
483596108075545
327198026533305
327198026533305
518087745330757
327198026533305
386756014540041
190390322390992
159281495474086
538548996988237
190314699146683
417525266995084
474038226447735
442694427275411
188349393708428
327198026533305
394911468292626
171348554776541
204428174732473
426378898466545
327198026533305
156524606188342
399849371317914
327198026533305
186276888306511
327198026533305
327198026533305
399546515800121
190314699146683
327198026533305
474038226447735
474038226447735
204428174732473
327198026533305
405190705437665
346696734545470
202087247234056
204428174732473
327198026533305
327198026533305
76046612308356
204428174732473
190314699146683
190314699146683
327198026533305
400340456894812
207680843915250
204428174732473
190314699146683
332674070866191
220145100802451
522087923840039
398019871191415
327198026533305
513688492836529
399546515800121
434645758670199
311166606008430
77232776939339
327198026533305
327198026533305
201032385265325
327198026533305
325823319891720
190314699146683
135417152410115
432755309298005
474038226447735
37102174670697
142964767944411
234774367579987
142964767944411
277766706570701
77232776939339
405190705437665
327198026533305
47689702070615
155932921954917
560173586095754
369660912000622
73940565804099
5887953525650
527585847636630
491317349591142
48157891270887
399546515800121
16181364589503
190314699146683
327198026533305
327198026533305
327198026533305
332674070866191
327198026533305
272912286555089
327198026533305
537076558312582
501712452396829
327198026533305
327198026533305
220145100802451
308676428314282
190314699146683
327198026533305
405190705437665
204428174732473
479124448668194
520670715967234
295325084536350
189828271279739
404382372963616
76317435981166
87742334485829
279944876030352
218840382434900
513688492836529
288100971499933
33247641543468
439080118671413
396800881086263
322760295128878
190314699146683
327198026533305
327198026533305
327198026533305
327198026533305
159281495474086
354271522791507
325823319891720
474038226447735
327198026533305
542927448033777
313634608208201
190314699146683
327198026533305
325823319891720
308676428314282
327198026533305
197782298010717
327198026533305
447626924387304
394911468292626
204428174732473
200413864614460
474038226447735
272106474748912
71932035062064
273075936804222
327198026533305
399546515800121
190314699146683
327198026533305
190314699146683
513688492836529
327198026533305
204428174732473
327198026533305
76046612308356
254830918002232
526937392751145
295325084536350
354271522791507
273075936804222
425016060079059
327198026533305
33247641543468
398019871191415
322760295128878
327198026533305
327198026533305
308676428314282
400340456894812
327198026533305
327198026533305
354271522791507
273075936804222
327198026533305
327198026533305
327198026533305
190314699146683
327198026533305
254830918002232
335846242081894
474038226447735
147235751132149
491317349591142
327198026533305
325823319891720
325823319891720
554493118063450
426378898466545
191692087883963
156524606188342
274128463538232
327198026533305
452433510744173
325823319891720
327198026533305
200413864614460
187330561862202
156693739404568
327198026533305
442694427275411
327198026533305
250086285912618
474038226447735
474038226447735
54885747275370
34599253398652
322760295128878
390217215097450
187330561862202
152836402849199
73940565804099
297409758373183
325823319891720
190314699146683
159281495474086
327198026533305
327198026533305
73940565804099
327198026533305
34599253398652
480726112026982
136317684020562
190314699146683
106604031421836
76046612308356
244994548298710
33808500480162
159281495474086
327198026533305
85411510989995
327198026533305
399546515800121
327198026533305
350100372451327
190314699146683
383238887973215
369660912000622
480726112026982
187330561862202
399546515800121
405190705437665
190314699146683
177932554253131
204428174732473
370630092921546
327198026533305
279944876030352
34599253398652
474038226447735
187177237282905
190314699146683
524444829310443
527585847636630
400192911032866
320430865992482
190314699146683
280819281505862
346696734545470
64618623149308
204428174732473
198777055797435
327198026533305
327198026533305
29186755991678
2664440825016
204428174732473
399546515800121
183938651070329
182211072085635
327198026533305
327198026533305
398019871191415
10113589215390
314782076738840
76046612308356
398019871191415
398019871191415
81947802534330
325823319891720
179449022966991
288527975525801
327198026533305
507968300090618
327198026533305
33247641543468
167322500212641
327198026533305
204428174732473
354460748496006
480726112026982
524444829310443
399546515800121
537572579295526
76046612308356
11005020343022
442694427275411
308676428314282
308676428314282
530518571289121
155932921954917
386756014540041
190314699146683
190314699146683
17243136691305
399546515800121
167139640468545
327198026533305
327198026533305
287065818282698
327198026533305
327198026533305
210634853324936
184197937230401
327198026533305
327198026533305
347973979497799
250320773482678
73940565804099
327198026533305
322760295128878
547224224554666
398019871191415
452936137550936
204428174732473
327198026533305
327240239118069
327198026533305
417525266995084
350100372451327
325701242536549
516178907795086
325823319891720
204428174732473
136317684020562
327198026533305
141494191462114
308676428314282
327198026533305
272750711792859
474038226447735
327198026533305
327198026533305
204428174732473
398019871191415
560962446101503
325823319891720
73940565804099
537076558312582
328770113004960
327198026533305
344145623841152
399546515800121
237176251823901
76046612308356
457693436118526
400340456894812
354271522791507
327198026533305
327198026533305
87742334485829
327198026533305
327198026533305
46420667786878
327846059701498
64618623149308
199470818316695
279944876030352
190314699146683
325823319891720
190314699146683
327198026533305
190314699146683
327198026533305
327198026533305
201032385265325
135929594189899
399546515800121
186276888306511
327198026533305
460827022598065
99146162820380
327198026533305
426378898466545
327198026533305
327198026533305
327198026533305
190314699146683
474038226447735
560173586095754
204428174732473
201032385265325
414844559394181
68235180378831
327198026533305
325823319891720
474038226447735
319061243832990
483596108075545
204428174732473
305756689159620
471971568320948
54651590282915
16027803487575
442694427275411
190314699146683
204428174732473
399546515800121
412422179499636
432998652688765
432998652688765
327198026533305
327198026533305
87742334485829
354271522791507
327198026533305
474038226447735
408384476827067
327198026533305
73940565804099
327198026533305
190314699146683
85528569732925
327198026533305
190314699146683
399546515800121
400340456894812
310531840398287
204428174732473
144883182216438
234395070473529
327198026533305
327198026533305
332674070866191
327198026533305
54651590282915
65481633694584
327198026533305
86170564890649
327492403254351
274239067276702
273075936804222
327198026533305
73940565804099
327198026533305
327198026533305
205665965224100
354271522791507
327198026533305
263894249873833
457693436118526
190314699146683
327198026533305
4584252666772
327198026533305
144883182216438
237176251823901
190314699146683
394911468292626
327198026533305
327198026533305
328079312475435
327198026533305
467295852915445
374739887014247
190314699146683
354271522791507
190314699146683
442694427275411
344145623841152
